9207237 9211325 0
9203220 9209232 0
9206203 9209232 0
9206203 9210240 0
9205247 9208205 0
9206242 9207213 0
9203210 9212305 0
9211230 9212305 0
9207219 9211286 0
9203201 9212288 0
9203203 9212288 0
9203201 9212235 0
9203203 9212235 0
9204216 9212235 0
9204228 9212235 0
9203201 9212248 0
9203203 9212248 0
9206227 9212248 0
9211211 9212248 0
9206203 9210235 0
9208233 9212279 0
9205221 9207236 0
9204216 9210227 0
9206205 9212278 0
9209203 9212252 0
9205238 9212285 0
9207207 9209299 0
9207209 9209299 0
9204237 9209268 0
9203220 9207237 0
9207214 9212233 0
9207214 9211244 0
9203206 9205230 0
9203206 9209285 0
9205230 9209285 0
9207209 9209285 0
9206242 9212271 0
9206242 9212284 0
9206242 9207264 0
9203225 9208244 0
9204207 9208244 0
9203225 9209239 0
9204206 9209272 0
9204212 9209272 0
9205228 9209272 0
9204204 9210276 0
9206203 9209220 0
9204204 9211292 0
9204204 9210233 0
9205205 9212296 0
9207266 9212296 0
9204215 9210260 0
9203210 9209292 0
9203220 9209250 0
9206241 9211248 0
9209248 9211248 0
9203225 9209262 0
9204207 9209262 0
9206230 9212295 0
9208244 9212295 0
9209239 9212295 0
9209241 9212295 0
9212230 9212295 0
9204207 9211267 0
9203225 9212205 0
9207219 9210280 0
9207237 9210280 0
9208253 9212226 0
9209204 9212226 0
9211247 9212226 0
9206203 9211228 0
9207219 9211228 0
9208233 9209246 0
9207214 9212227 0
9207204 9212210 0
9203213 9210221 0
9206212 9209296 0
9204206 9211216 0
9203201 9211211 0
9203203 9211211 0
9204228 9211211 0
9203203 9208231 0
9204228 9211219 0
9206227 9211219 0
9203203 9211303 0
9204228 9211303 0
9212277 9211226 0
9204222 9212212 0
9207269 9211258 0
9203222 9210281 0
9203201 9212224 0
9204220 9206222 0
9203202 9208230 0
9205230 9208230 0
9203220 9212267 0
9205233 9212273 0
9207278 9209244 0
9205230 9209206 0
9203202 9208262 0
9203220 9211207 0
9206222 9211223 0
9206225 9211223 0
9207249 9211223 0
9204220 9206255 0
9206261 9211225 0
9204220 9206261 0
9203201 9210278 0
9203203 9210278 0
9209227 9210278 0
9203206 9212219 0
9205230 9212219 0
9203206 9209208 0
9205229 9209208 0
9204213 9205224 0
9207219 9210257 0
9206266 9212299 0
9205247 9211234 0
9209248 9210275 0
9203201 9209233 0
9203203 9209233 0
9203206 9212318 0
9205230 9212318 0
9209285 9212318 0
9212245 9212318 0
9203201 9211334 0
9203203 9211334 0
9206230 9212230 0
9206205 9209295 0
9203206 9207208 0
9207269 9211236 0
9206249 9211331 0
9206254 9211331 0
9205210 9210209 0
9203215 9207201 0
9203216 9207201 0
9205226 9207201 0
9206216 9212286 0
9211215 9212286 0
9203207 9206252 0
9206241 9212220 0
9206266 9210223 0
9208254 9211253 0
9204222 9212251 0
9206242 9212269 0
9204232 9207230 0
9206249 9211275 0
9206254 9211275 0
9203203 9211218 0
9205233 9212234 0
9203203 9212216 0
9203206 9207243 0
9207228 9212231 0
