0 1 0
2 3 0
4 3 0
4 5 0
6 7 0
8 9 0
10 11 0
12 11 0
13 14 0
15 16 0
17 16 0
15 18 0
17 18 0
19 18 0
20 18 0
15 21 0
17 21 0
22 21 0
23 21 0
4 24 0
25 26 0
27 28 0
19 29 0
30 31 0
32 33 0
34 35 0
36 37 0
38 37 0
39 40 0
2 0 0
41 42 0
41 43 0
44 45 0
44 46 0
45 46 0
38 46 0
8 47 0
8 48 0
8 49 0
50 51 0
52 51 0
50 53 0
54 55 0
56 55 0
57 55 0
58 59 0
4 60 0
58 61 0
58 62 0
63 64 0
65 64 0
66 67 0
10 68 0
2 69 0
70 71 0
72 71 0
50 73 0
52 73 0
74 75 0
51 75 0
53 75 0
76 75 0
77 75 0
52 78 0
50 79 0
13 80 0
0 80 0
81 82 0
83 82 0
84 82 0
4 85 0
13 85 0
25 86 0
41 87 0
88 89 0
90 91 0
92 93 0
54 94 0
15 23 0
17 23 0
20 23 0
17 95 0
20 96 0
22 96 0
17 97 0
20 97 0
98 99 0
100 101 0
102 103 0
104 105 0
15 106 0
107 108 0
109 110 0
45 110 0
2 111 0
112 113 0
114 115 0
45 116 0
109 117 0
2 118 0
108 119 0
120 119 0
121 119 0
107 122 0
123 124 0
107 123 0
15 125 0
17 125 0
126 125 0
44 127 0
45 127 0
44 128 0
129 128 0
130 131 0
13 132 0
133 134 0
6 135 0
72 136 0
15 137 0
17 137 0
44 138 0
45 138 0
46 138 0
139 138 0
15 140 0
17 140 0
74 77 0
30 141 0
44 142 0
102 143 0
144 145 0
146 145 0
147 148 0
149 150 0
151 150 0
152 150 0
153 154 0
155 154 0
156 157 0
70 158 0
133 159 0
160 161 0
100 162 0
8 163 0
164 165 0
144 166 0
146 166 0
17 167 0
112 168 0
17 169 0
44 170 0
171 172 0
