0 1 0
0 2 0
0 3 0
0 4 0
0 5 0
0 6 0
0 7 0
0 8 0
0 9 0
1 0 0
1 2 0
1 3 0
1 4 0
1 5 0
1 6 0
1 7 0
1 8 0
1 9 0
2 0 0
2 1 0
2 3 0
2 4 0
2 5 0
2 6 0
2 7 0
2 8 0
2 9 0
3 0 0
3 1 0
3 2 0
3 4 0
3 5 0
3 6 0
3 7 0
3 8 0
3 9 0
4 0 0
4 1 0
4 2 0
4 3 0
4 5 0
4 6 0
4 7 0
4 8 0
4 9 0
5 0 0
5 1 0
5 2 0
5 3 0
5 4 0
5 6 0
5 7 0
5 8 0
5 9 0
6 0 0
6 1 0
6 2 0
6 3 0
6 4 0
6 5 0
6 7 0
6 8 0
6 9 0
7 0 0
7 1 0
7 2 0
7 3 0
7 4 0
7 5 0
7 6 0
7 8 0
7 9 0
8 0 0
8 1 0
8 2 0
8 3 0
8 4 0
8 5 0
8 6 0
8 7 0
8 9 0
9 0 0
9 1 0
9 2 0
9 3 0
9 4 0
9 5 0
9 6 0
9 7 0
9 8 0
10 11 0
10 12 0
10 13 0
10 14 0
10 15 0
10 16 0
10 17 0
10 18 0
10 19 0
10 20 0
10 21 0
11 10 0
11 12 0
11 13 0
11 14 0
11 15 0
11 16 0
11 17 0
11 18 0
11 19 0
11 20 0
11 21 0
12 10 0
12 11 0
12 13 0
12 14 0
12 15 0
12 16 0
12 17 0
12 18 0
12 19 0
12 20 0
12 21 0
13 10 0
13 11 0
13 12 0
13 14 0
13 15 0
13 16 0
13 17 0
13 18 0
13 19 0
13 20 0
13 21 0
14 10 0
14 11 0
14 12 0
14 13 0
14 15 0
14 16 0
14 17 0
14 18 0
14 19 0
14 20 0
14 21 0
15 10 0
15 11 0
15 12 0
15 13 0
15 14 0
15 16 0
15 17 0
15 18 0
15 19 0
15 20 0
15 21 0
16 10 0
16 11 0
16 12 0
16 13 0
16 14 0
16 15 0
16 17 0
16 18 0
16 19 0
16 20 0
16 21 0
17 10 0
17 11 0
17 12 0
17 13 0
17 14 0
17 15 0
17 16 0
17 18 0
17 19 0
17 20 0
17 21 0
18 10 0
18 11 0
18 12 0
18 13 0
18 14 0
18 15 0
18 16 0
18 17 0
18 19 0
18 20 0
18 21 0
19 10 0
19 11 0
19 12 0
19 13 0
19 14 0
19 15 0
19 16 0
19 17 0
19 18 0
19 20 0
19 21 0
20 10 0
20 11 0
20 12 0
20 13 0
20 14 0
20 15 0
20 16 0
20 17 0
20 18 0
20 19 0
20 21 0
21 10 0
21 11 0
21 12 0
21 13 0
21 14 0
21 15 0
21 16 0
21 17 0
21 18 0
21 19 0
21 20 0
22 23 0
22 24 0
22 25 0
22 26 0
22 27 0
22 28 0
22 29 0
23 22 0
23 24 0
23 25 0
23 26 0
23 27 0
23 28 0
23 29 0
24 22 0
24 23 0
24 25 0
24 26 0
24 27 0
24 28 0
24 29 0
25 22 0
25 23 0
25 24 0
25 26 0
25 27 0
25 28 0
25 29 0
26 22 0
26 23 0
26 24 0
26 25 0
26 27 0
26 28 0
26 29 0
27 22 0
27 23 0
27 24 0
27 25 0
27 26 0
27 28 0
27 29 0
28 22 0
28 23 0
28 24 0
28 25 0
28 26 0
28 27 0
28 29 0
29 22 0
29 23 0
29 24 0
29 25 0
29 26 0
29 27 0
29 28 0
30 31 0
30 32 0
30 33 0
30 34 0
30 35 0
30 36 0
30 37 0
30 38 0
30 39 0
30 40 0
30 41 0
30 42 0
30 43 0
31 30 0
31 32 0
31 33 0
31 34 0
31 35 0
31 36 0
31 37 0
31 38 0
31 39 0
31 40 0
31 41 0
31 42 0
31 43 0
32 30 0
32 31 0
32 33 0
32 34 0
32 35 0
32 36 0
32 37 0
32 38 0
32 39 0
32 40 0
32 41 0
32 42 0
32 43 0
33 30 0
33 31 0
33 32 0
33 34 0
33 35 0
33 36 0
33 37 0
33 38 0
33 39 0
33 40 0
33 41 0
33 42 0
33 43 0
34 30 0
34 31 0
34 32 0
34 33 0
34 35 0
34 36 0
34 37 0
34 38 0
34 39 0
34 40 0
34 41 0
34 42 0
34 43 0
35 30 0
35 31 0
35 32 0
35 33 0
35 34 0
35 36 0
35 37 0
35 38 0
35 39 0
35 40 0
35 41 0
35 42 0
35 43 0
36 30 0
36 31 0
36 32 0
36 33 0
36 34 0
36 35 0
36 37 0
36 38 0
36 39 0
36 40 0
36 41 0
36 42 0
36 43 0
37 30 0
37 31 0
37 32 0
37 33 0
37 34 0
37 35 0
37 36 0
37 38 0
37 39 0
37 40 0
37 41 0
37 42 0
37 43 0
38 30 0
38 31 0
38 32 0
38 33 0
38 34 0
38 35 0
38 36 0
38 37 0
38 39 0
38 40 0
38 41 0
38 42 0
38 43 0
39 30 0
39 31 0
39 32 0
39 33 0
39 34 0
39 35 0
39 36 0
39 37 0
39 38 0
39 40 0
39 41 0
39 42 0
39 43 0
40 30 0
40 31 0
40 32 0
40 33 0
40 34 0
40 35 0
40 36 0
40 37 0
40 38 0
40 39 0
40 41 0
40 42 0
40 43 0
41 30 0
41 31 0
41 32 0
41 33 0
41 34 0
41 35 0
41 36 0
41 37 0
41 38 0
41 39 0
41 40 0
41 42 0
41 43 0
42 30 0
42 31 0
42 32 0
42 33 0
42 34 0
42 35 0
42 36 0
42 37 0
42 38 0
42 39 0
42 40 0
42 41 0
42 43 0
43 30 0
43 31 0
43 32 0
43 33 0
43 34 0
43 35 0
43 36 0
43 37 0
43 38 0
43 39 0
43 40 0
43 41 0
43 42 0
4 17 0
0 10 0
0 25 0
4 28 0
1 36 0
0 39 0
2 39 0
11 0 0
16 4 0
11 9 0
13 25 0
11 22 0
15 28 0
16 31 0
17 33 0
23 6 0
22 3 0
25 18 0
24 31 0
40 6 0
36 6 0
40 1 0
32 18 0
31 12 0
35 28 0
